training_loss,validation_loss,training_accuracy,validation_accuracy
1.4269,1.2919,0.3226,0.4279
1.2756,1.2417,0.4175,0.4231
1.1466,1.1867,0.4559,0.4375
1.0904,1.0792,0.5256,0.5144
1.019,1.0366,0.5512,0.5673
0.9848,0.9527,0.5755,0.5769
0.9162,0.9911,0.5957,0.5769
0.8909,0.9072,0.6106,0.601
0.893,0.9305,0.6221,0.6058
0.8275,0.9253,0.644,0.6058
0.7338,0.8481,0.7017,0.6442
0.7707,0.9215,0.6856,0.6058
0.7421,0.8238,0.6931,0.6587
0.7007,0.8031,0.705,0.6442
0.6158,0.8169,0.7545,0.6635
0.5909,0.7539,0.757,0.7212
0.5917,0.8851,0.7537,0.6298
0.5849,0.9354,0.7628,0.6683
0.5332,0.7653,0.7983,0.7356
0.4608,0.6608,0.8131,0.7548
0.4275,0.6804,0.8507,0.75
0.373,0.8853,0.8511,0.7115
0.3649,0.6423,0.8564,0.7837
0.3972,0.6776,0.8337,0.75
0.3161,0.6802,0.8738,0.7596
0.3421,0.6953,0.8771,0.7548
0.3107,0.654,0.8857,0.7885
0.2349,0.5926,0.9183,0.8317
0.2297,0.7199,0.9138,0.7644
0.2989,0.6052,0.8969,0.8077
0.2086,0.5796,0.9208,0.8125
0.189,0.6878,0.9233,0.8077
0.1678,0.5633,0.9394,0.8269
0.1868,0.6563,0.9307,0.8173
0.2597,0.6168,0.9117,0.7981
0.1845,0.54,0.9414,0.8029
0.1836,0.425,0.9365,0.8173
0.1281,0.5412,0.9554,0.8365
0.2194,0.5799,0.922,0.8221
0.1101,0.5159,0.9542,0.8462
0.1121,0.4528,0.9641,0.8365
0.1499,0.6413,0.948,0.8029
0.1058,0.4444,0.9703,0.8654
0.1207,0.7941,0.9575,0.7788
0.1831,0.5052,0.9307,0.8173
0.0684,0.4936,0.9814,0.875
0.1098,0.5014,0.9616,0.851
0.0865,0.7617,0.974,0.7837
0.2303,1.1909,0.9059,0.6202
0.1686,0.4765,0.9418,0.851
0.0596,0.4816,0.9864,0.8798
0.0589,0.6314,0.9814,0.8606
0.117,0.7297,0.9579,0.8125
0.1237,0.6929,0.9554,0.8029
0.0917,0.7337,0.9728,0.8365
0.1236,0.5251,0.9567,0.8702
0.1337,0.7195,0.948,0.8125
0.105,0.5322,0.9641,0.8606
0.0785,0.6969,0.9728,0.8125
0.0976,0.4958,0.9637,0.8798
0.063,0.5641,0.979,0.8558
0.0366,0.6496,0.9851,0.8317
0.0891,0.7434,0.9715,0.8269
0.1196,0.8787,0.953,0.774
0.0883,0.6178,0.9649,0.8413
0.0997,0.8318,0.9653,0.7548
0.0467,0.8521,0.9839,0.8173
0.1233,0.4807,0.9604,0.851
0.0893,0.6076,0.9777,0.8269
0.0467,0.6573,0.9802,0.8365
0.0322,0.5841,0.9913,0.8798
0.0387,0.4908,0.9901,0.9038
0.0891,0.5977,0.9686,0.851
0.0296,0.5319,0.9897,0.8798
0.062,0.6337,0.9728,0.851
0.0145,0.8054,0.9975,0.8317
0.0639,0.6197,0.9736,0.875
0.014,0.6212,0.9988,0.8654
0.072,0.9618,0.9728,0.8125
0.1435,0.6517,0.9517,0.8413
0.0509,0.5804,0.9827,0.8558
0.036,0.5148,0.9876,0.8606
0.0157,0.5858,0.9963,0.851
0.0192,0.5949,0.995,0.8702
0.0887,0.5684,0.9715,0.851
0.0676,0.5657,0.979,0.8798
0.0389,0.6549,0.9864,0.851
0.0894,0.5172,0.9691,0.875
0.0602,0.5818,0.979,0.8413
0.0325,0.5936,0.9913,0.8462
0.0304,0.4896,0.9901,0.8846
0.0082,0.5633,0.9975,0.8654
0.0146,0.5378,0.9938,0.8894
0.0152,0.5339,0.9946,0.851
0.2645,0.6372,0.9158,0.8317
0.0617,0.4888,0.9827,0.8654
0.0513,0.7528,0.9827,0.8125
0.0814,0.496,0.9728,0.8558
0.0199,0.4979,0.9938,0.8654
0.0096,0.5705,0.9975,0.8654
0.0535,0.464,0.9839,0.875
0.0894,0.9795,0.9715,0.7596
0.0339,0.5237,0.9876,0.8654
0.011,0.5715,0.9963,0.8702
0.0373,0.7346,0.9876,0.8221
0.127,0.9195,0.9616,0.8125
0.0619,0.7201,0.9802,0.8125
0.0459,0.4967,0.9876,0.875
0.0103,0.4351,0.9975,0.8846
0.0056,0.5483,0.9988,0.8654
0.008,0.6629,0.9963,0.8558
0.0097,0.6525,0.9963,0.8462
0.0019,0.6288,1.0,0.8702
0.0132,0.479,0.9975,0.8846
0.1656,1.1543,0.9468,0.7308
0.1535,0.7382,0.9493,0.8029
0.0593,0.6357,0.9827,0.8269
0.0246,0.5854,0.9938,0.8702
0.0288,0.4775,0.9913,0.8798
0.0091,0.4794,0.9988,0.9135
0.0282,0.6308,0.9901,0.8558
0.0401,0.4331,0.981,0.8798
0.044,0.7176,0.9851,0.8606
0.0153,0.6427,0.9963,0.8654
0.0218,0.3917,0.9913,0.9183
0.0184,0.4537,0.9913,0.9087
0.1408,1.2119,0.9596,0.7885
0.1293,0.5415,0.9592,0.8654
0.0581,0.4705,0.9777,0.875
0.0762,0.7182,0.9699,0.8077
0.0218,0.6016,0.9926,0.875
0.0072,0.6089,1.0,0.8846
0.0055,0.6826,0.9988,0.8558
0.0095,0.6463,0.9988,0.8798
0.0036,0.6531,1.0,0.8846
0.0081,0.6758,0.9975,0.8894
0.0152,0.6495,0.9963,0.875
0.0309,0.6808,0.9938,0.8654
0.0507,0.7208,0.986,0.8702
0.2611,0.7632,0.9109,0.774
0.0616,0.4498,0.9864,0.8798
0.0199,0.5434,0.9975,0.8365
0.0142,0.5106,0.995,0.899
0.004,0.5232,0.9988,0.875
0.0081,0.5068,0.9963,0.8798
0.0055,0.41,0.9988,0.8894
0.01,0.5459,0.9963,0.8606
0.0139,0.4253,0.995,0.899
0.0016,0.4095,1.0,0.9038
0.0008,0.4133,1.0,0.899
0.0319,0.7393,0.9889,0.8221
0.0399,0.5557,0.9901,0.875
0.1311,0.519,0.9493,0.8606
0.0274,0.4713,0.9913,0.8654
0.0149,0.8222,0.9963,0.8125
0.033,0.4646,0.9876,0.899
0.0222,0.5447,0.9913,0.8894
0.0043,0.4603,1.0,0.9087
0.1382,0.6985,0.9666,0.8077
0.1917,0.4594,0.9418,0.8702
0.0273,0.4296,0.9901,0.8702
0.0154,0.4425,0.9975,0.8894
0.008,0.4435,0.9988,0.8846
0.0361,0.7465,0.9876,0.851
0.0167,0.5598,0.995,0.8606
0.0114,0.5606,0.9963,0.8798
0.0049,0.5081,0.9975,0.899
0.024,0.5607,0.9963,0.8798
0.0273,0.464,0.9876,0.8798
0.0188,0.5363,0.9938,0.8846
0.0066,0.6045,0.9975,0.875
0.0054,0.5358,0.9988,0.9038
0.0202,0.6001,0.9938,0.8654
0.0339,0.6149,0.9901,0.8798
0.0124,0.6481,0.995,0.8942
0.0276,0.5865,0.9913,0.8702
0.267,0.543,0.9158,0.8413
0.0709,0.4337,0.979,0.8702
0.0247,0.4668,0.9938,0.9038
0.0616,0.479,0.9802,0.8894
0.2454,0.5825,0.9253,0.8221
0.0607,0.2848,0.9864,0.9135
0.0092,0.2659,1.0,0.9231
0.0088,0.2785,0.9988,0.9183
0.0035,0.2912,1.0,0.9087
0.0019,0.3313,1.0,0.9087
0.0015,0.3431,1.0,0.9231
0.0028,0.3567,1.0,0.9087
