training_loss,validation_loss,training_accuracy,validation_accuracy
1.0439,0.6187,0.5844,0.8125
0.6596,0.4773,0.7708,0.8375
0.5497,0.8942,0.8125,0.6458
0.4511,0.4551,0.8417,0.8542
0.4397,0.6688,0.8438,0.7458
0.4321,0.4739,0.8427,0.8333
0.3474,0.4135,0.8812,0.875
0.2677,0.4355,0.9062,0.8667
0.2287,0.9949,0.9208,0.7417
0.2663,0.5481,0.9146,0.825
0.1243,0.7128,0.9562,0.8042
0.2134,0.5228,0.9198,0.8458
0.1467,0.4591,0.9469,0.8833
0.123,0.5766,0.9552,0.8542
0.1586,0.6126,0.9438,0.8708
0.1726,0.5783,0.9479,0.825
0.1164,0.4409,0.9562,0.9
0.0324,0.5814,0.9865,0.8833
0.0153,0.659,0.9969,0.8958
0.0023,0.6727,1.0,0.8833
0.0009,0.6109,1.0,0.9
0.0785,0.7619,0.9708,0.8125
0.1941,0.4496,0.9333,0.8708
0.0896,0.5638,0.9688,0.8625
0.0621,0.6621,0.9833,0.875
0.0033,0.6382,1.0,0.8875
0.0267,0.7057,0.9958,0.8833
0.0543,0.7371,0.9823,0.8458
0.1838,0.6239,0.9354,0.8708
0.1384,0.7161,0.951,0.8667
0.2107,0.6295,0.9281,0.8458
0.06,0.6542,0.975,0.8667
0.0289,0.6495,0.9885,0.9
0.0474,0.7183,0.9854,0.875
0.0232,0.6731,0.9927,0.8667
0.0012,0.6883,1.0,0.8958
0.0003,0.6941,1.0,0.9042
0.0012,0.7544,1.0,0.8958
0.0006,0.7578,1.0,0.8958
0.0001,0.7682,1.0,0.8958
