training_loss,validation_loss,training_accuracy,validation_accuracy
1.4425,1.3854,0.2739,0.2599
1.3894,1.3812,0.2846,0.2879
1.386,1.3861,0.2843,0.2997
1.3777,1.4984,0.2871,0.2344
1.381,1.3649,0.2893,0.3163
1.3656,1.3756,0.3146,0.3035
1.3672,1.3736,0.3136,0.2973
1.3698,1.3703,0.3189,0.3149
1.3574,1.3649,0.3182,0.3348
1.3579,1.3883,0.3321,0.3007
1.3597,1.3595,0.3221,0.3319
1.3518,1.3512,0.3271,0.3598
1.353,1.3746,0.3207,0.2936
1.3528,1.359,0.3332,0.3205
1.3575,1.3635,0.3204,0.3272
1.3483,1.3633,0.3307,0.3613
1.3508,1.3555,0.3336,0.3191
1.3526,1.3771,0.3393,0.313
1.3396,1.3469,0.3611,0.3598
1.3335,1.3743,0.3489,0.3116
1.3283,1.3688,0.3636,0.3561
1.3171,1.37,0.3714,0.3371
1.3207,1.3438,0.3654,0.3703
1.3132,1.3614,0.3693,0.3343
